lastAccountName: ChigBungus
timestamps:
  login: 1554347671572
  logout: 1554349412533
ipAddress: 131.151.147.67
logoutlocation:
  world: world
  x: -3112.4429478023612
  y: 74.0
  z: -5348.966793286633
  yaw: 355.8759
  pitch: 21.149233
