lastAccountName: ChigBungus
timestamps:
  login: 1554625795005
  logout: 1554626543072
ipAddress: 131.151.147.67
logoutlocation:
  world: world
  x: -3048.561520333479
  y: 69.0
  z: -5060.242954414423
  yaw: 165.43774
  pitch: 18.300068
lastlocation:
  world: world
  x: -3031.5955445732266
  y: 69.0
  z: -5087.706455934928
  yaw: 263.24698
  pitch: 21.749975
