lastAccountName: ChigBungus
timestamps:
  login: 1554570075916
  logout: 1554574510655
ipAddress: 131.151.147.67
logoutlocation:
  world: world
  x: -3042.0873714978543
  y: 74.0
  z: -5040.562009559466
  yaw: 118.41699
  pitch: 27.749971
lastlocation:
  world: world
  x: -3189.5553220872516
  y: 108.22828276293868
  z: -5399.03528730764
  yaw: -3.9508057
  pitch: 5.699585
