lastAccountName: ElTilto
timestamps:
  login: 1554344219823
  logout: 1554345930793
ipAddress: 73.217.234.228
logoutlocation:
  world: world
  x: -3869.204824017781
  y: 93.0
  z: -5787.673848718075
  yaw: -350.38522
  pitch: 8.099487
