lastAccountName: JazManthing
timestamps:
  login: 1554625760514
  logout: 1554626076115
ipAddress: 69.247.220.50
logoutlocation:
  world: world
  x: -3493.3491958488394
  y: 88.0
  z: -5630.531731501938
  yaw: 98.37848
  pitch: -2.7354813
lastlocation:
  world: world
  x: -3458.747898243832
  y: 73.0
  z: -5824.978572005272
  yaw: -180.23846
  pitch: 5.921508
