lastAccountName: JazManthing
timestamps:
  login: 1554530263096
  logout: 1554534338360
ipAddress: 69.247.220.50
logoutlocation:
  world: world
  x: -3495.1313461481714
  y: 88.0
  z: -5628.557003500337
  yaw: 326.32117
  pitch: 11.863383
lastlocation:
  world: world
  x: -3458.747898243832
  y: 73.0
  z: -5824.978572005272
  yaw: -180.23846
  pitch: 5.921508
