lastAccountName: Good_Vibes2k16
timestamps:
  login: 1554625544525
  logout: 1554629782065
ipAddress: 162.202.158.159
logoutlocation:
  world: world
  x: -3049.469309870138
  y: 50.0
  z: -5018.865488804883
  yaw: 19.15328
  pitch: 14.999403
lastlocation:
  world: world
  x: -3782.8960187564826
  y: 88.7531999805212
  z: -5710.590182914625
  yaw: -327.13007
  pitch: 10.675264
