lastAccountName: Good_Vibes2k16
timestamps:
  login: 1554343072415
  logout: 1554347669393
ipAddress: 162.202.158.159
logoutlocation:
  world: world
  x: -1373.5
  y: 64.0999984741211
  z: -6179.5
  yaw: 135.10617
  pitch: 40.799232
