lastAccountName: BoyWhoShatTime
timestamps:
  login: 1554342989690
  logout: 1554349802526
ipAddress: 73.217.241.177
logoutlocation:
  world: world
  x: -3795.487500011921
  y: 84.0
  z: -5682.110857019639
  yaw: 182.81555
  pitch: 35.849995
lastlocation:
  world: world
  x: -3208.072551832426
  y: 74.0
  z: -5071.395260115987
  yaw: 240.34796
  pitch: 37.049973
