lastAccountName: BoyWhoShatTime
timestamps:
  login: 1554514827326
  logout: 1554549716356
ipAddress: 73.217.241.177
logoutlocation:
  world: world
  x: -3785.9648737310295
  y: 81.0
  z: -5682.234475174436
  yaw: 103.84155
  pitch: 23.849802
lastlocation:
  world: world
  x: -3208.072551832426
  y: 74.0
  z: -5071.395260115987
  yaw: 240.34796
  pitch: 37.049973
