lastAccountName: BoyWhoShatTime
timestamps:
  login: 1554620655083
  logout: 1554612463167
ipAddress: 73.217.241.177
logoutlocation:
  world: world
  x: -3793.404595971558
  y: 83.0
  z: -5684.819893726724
  yaw: 271.55566
  pitch: 25.498985
lastlocation:
  world: world
  x: -3614.8631746813026
  y: 91.00133597911214
  z: -5656.669919214952
  yaw: 189.0002
  pitch: 19.04998
