lastAccountName: actionjackson16
timestamps:
  login: 1554522533276
  logout: 1554523816316
ipAddress: 136.32.229.123
logoutlocation:
  world: world
  x: -3687.264493787145
  y: 91.0
  z: -5730.097760909844
  yaw: -241.54863
  pitch: 13.5137
lastlocation:
  world: world
  x: -2567.5757977591265
  y: 64.0
  z: -2957.5628695849864
  yaw: 117.09427
  pitch: 14.168708
