lastAccountName: actionjackson16
timestamps:
  login: 1554610538288
  logout: 1554612537421
ipAddress: 136.32.229.123
logoutlocation:
  world: world
  x: -3654.2614067540258
  y: 8.0
  z: -5829.95725561829
  yaw: 337.18262
  pitch: 7.9720416
lastlocation:
  world: world
  x: -3768.8889996093485
  y: 88.0
  z: -5681.473395079283
  yaw: -43.209187
  pitch: 11.103517
