lastAccountName: thickfila
timestamps:
  login: 1554513150262
  logout: 1554516883510
ipAddress: 73.217.209.34
lastlocation:
  world: world
  x: -3480.302025875924
  y: 88.0
  z: -5612.146729118562
  yaw: -326.43073
  pitch: 8.249987
logoutlocation:
  world: world
  x: -3732.1271658965766
  y: 97.0
  z: -5868.5152929731275
  yaw: -305.92578
  pitch: 32.998894
