lastAccountName: MemeCrafts
timestamps:
  login: 1554477102090
  logout: 1554479791902
ipAddress: 73.48.21.207
logoutlocation:
  world: world
  x: -3643.364812999328
  y: 65.0
  z: -6016.204059333967
  yaw: -273.58234
  pitch: 13.650137
