lastAccountName: MemeCrafts
timestamps:
  login: 1554594503635
  logout: 1554595627012
ipAddress: 73.48.21.207
logoutlocation:
  world: world
  x: -3108.085499384408
  y: 67.0
  z: -5047.347360298791
  yaw: -131.90991
  pitch: 13.350016
