lastAccountName: nebraskafan27
timestamps:
  login: 1554575547141
  logout: 1554575800321
ipAddress: 73.217.209.34
logoutlocation:
  world: world
  x: -3138.3305023955154
  y: 72.37883746320229
  z: -5349.3688678781555
  yaw: 248.98126
  pitch: 14.249134
lastlocation:
  world: world
  x: -3219.420943482491
  y: 89.0
  z: -5345.118381037922
  yaw: 286.97556
  pitch: 10.200648
godmode: true
