lastAccountName: nebraskafan27
timestamps:
  login: 1554646960447
  logout: 1554648049963
ipAddress: 73.217.209.34
logoutlocation:
  world: world
  x: -3192.1828996540025
  y: 90.41847674361624
  z: -5225.306929211956
  yaw: -101.57251
  pitch: 38.249596
lastlocation:
  world: world
  x: -3173.139764866763
  y: 88.0
  z: -5245.531661542256
  yaw: 291.2584
  pitch: 26.401241
godmode: true
afk: false
