lastAccountName: nebraskafan27
timestamps:
  login: 1554342235772
  logout: 1554343079467
ipAddress: 73.217.209.34
logoutlocation:
  world: world
  x: -3718.401989083854
  y: 96.00468602385402
  z: -5724.846427306744
  yaw: 34.17102
  pitch: 23.849392
lastlocation:
  world: world
  x: -3219.420943482491
  y: 89.0
  z: -5345.118381037922
  yaw: 286.97556
  pitch: 10.200648
godmode: true
