lastAccountName: nebraskafan27
timestamps:
  login: 1554338635505
  logout: 1554338526234
ipAddress: 73.217.209.34
logoutlocation:
  world: world
  x: -3464.30567472668
  y: 96.0
  z: -5766.874995527567
  yaw: -8.616577
  pitch: 32.100044
lastlocation:
  world: world
  x: -3774.8583520840857
  y: 105.25860749642682
  z: -5684.122886745177
  yaw: -57.600647
  pitch: 16.950048
godmode: true
