lastAccountName: HotLykeStove
timestamps:
  login: 1554618906658
  logout: 1554626741466
ipAddress: 73.217.243.97
lastlocation:
  world: world
  x: -3208.0939045598957
  y: 74.0
  z: -5071.2725552969805
  yaw: 214.06183
  pitch: 21.749884
logoutlocation:
  world: world
  x: -3897.662930210685
  y: 63.0
  z: -5678.852778060666
  yaw: 265.9237
  pitch: 12.749946
