lastAccountName: HotLykeStove
timestamps:
  login: 1554347411270
  logout: 1554348783480
ipAddress: 73.217.243.97
lastlocation:
  world: world
  x: -3208.0939045598957
  y: 74.0
  z: -5071.2725552969805
  yaw: 214.06183
  pitch: 21.749884
logoutlocation:
  world: world
  x: -3739.4115951151407
  y: 8.0
  z: -5712.1411639583985
  yaw: 7.1644287
  pitch: -3.5999804
