lastAccountName: Manic_Soul
timestamps:
  login: 1554604958701
  logout: 1554613084254
  lastteleport: 1554607103125
ipAddress: 73.217.234.228
logoutlocation:
  world: world
  x: -3715.8403588031406
  y: 87.0
  z: -5634.699999988079
  yaw: 351.47876
  pitch: 81.9003
lastlocation:
  world: world
  x: -4339.490018510513
  y: 80.71193514937923
  z: -5570.603343474901
  yaw: 89.13666
  pitch: 9.901735
afk: false
godmode: false
