lastAccountName: Manic_Soul
timestamps:
  login: 1554338485820
  logout: 1554338516966
ipAddress: 73.217.234.228
logoutlocation:
  world: world
  x: -3461.7029232637983
  y: 90.0068315723378
  z: -5761.214824933909
  yaw: -207.8176
  pitch: 10.94998
