lastAccountName: Manic_Soul
timestamps:
  login: 1554574671672
  logout: 1554575805103
  lastteleport: 1554343426370
ipAddress: 73.217.234.228
logoutlocation:
  world: world
  x: -3658.430785624805
  y: 15.0
  z: -5677.300000011921
  yaw: -184.52368
  pitch: 64.20064
lastlocation:
  world: world
  x: -3132.82049624857
  y: 72.62571185333971
  z: -5380.610806444582
  yaw: -165.18396
  pitch: 3.0255458
afk: false
